1	0.16521548683295648	0.9503333333333334	4.015726804733276
2	0.13422245417187612	0.9591333333333333	7.764924049377441
3	0.11438037713455657	0.9656			11.617560863494873
4	0.10838989693820476	0.9677333333333333	15.375507116317749
5	0.10204533270994823	0.9711333333333333	19.234303951263428
6	0.10906309821388374	0.968			23.46061611175537
7	0.09931238677796597	0.9724			27.22674798965454
8	0.09624959036496779	0.9724			31.580472469329834
9	0.09831007687511543	0.9728			35.861175298690796
10	0.10662855562415595	0.972			40.88416314125061
11	0.10247358913738669	0.9732			45.49242186546326
12	0.09764116320445125	0.9739333333333333	50.21085596084595
13	0.09849323227961625	0.9743333333333334	54.49422073364258
14	0.09661398596717433	0.9752666666666666	59.073742151260376
15	0.10236787485817817	0.9740666666666666	62.87880563735962
16	0.11296660560553427	0.9736666666666667	66.83277106285095
17	0.12181211564026113	0.9716			71.20390629768372
18	0.1121393313447159	0.9758666666666667	76.1760642528534
19	0.10901933467729638	0.9767333333333333	81.34294486045837
20	0.10736241006743706	0.9749333333333333	86.66747832298279
21	0.11042150958942172	0.975			91.64887595176697
22	0.12044890236230761	0.9746666666666667	97.94897603988647
23	0.11520559811991989	0.9748			105.48680377006531
24	0.12356635205602118	0.9740666666666666	108.0995261669159
25	0.12729802352564354	0.9725333333333334	115.13872599601746
26	0.11264080459525139	0.976			120.73640561103821
27	0.12037396439301956	0.9734			127.33670449256897
28	0.12646592937087722	0.9742666666666666	133.97507643699646
29	0.12640584674742253	0.9754666666348776	139.49299240112305
30	0.11882754184305619	0.9749333333333333	133.47182512283325

##########################################################################
30 errorTraining --> loss: 0.0236 - acc: 0.9915
30 errorTesting --> 0.11882754184305619  || acc =  0.9749333333333333
