1	0.2575656916220983	0.9248			3.780388355255127
2	0.2077278344710668	0.9386666666666666	6.178020715713501
3	0.17392228447695574	0.9469333333333333	9.541113376617432
4	0.1555404300222794	0.9546666666348775	12.617928504943848
5	0.14174877533564964	0.9582			15.9189772605896
6	0.13802360086465876	0.9592666666666667	19.468350887298584
7	0.1300696485987554	0.9622666666666667	22.867265224456787
8	0.130802650659283	0.9620666666666666	26.588534116744995
9	0.1259499357916415	0.9636			30.34588623046875
10	0.11352948119963209	0.9669333333333333	34.69155263900757
11	0.12120933534838259	0.9637333333333333	37.294644832611084
12	0.11226403051540255	0.9665333333333334	37.24131464958191
13	0.11092002136074007	0.9694666666666667	40.46937966346741
14	0.11623566832995663	0.9674666666666667	44.14959764480591
15	0.11399913893332705	0.9680666666666666	48.20368313789368
16	0.11157711538604151	0.9692666666348775	51.616148471832275
17	0.11695369949634186	0.9698666666666667	56.150596618652344
18	0.11362651543176422	0.9693333333333334	60.2668662071228
19	0.11087449202782784	0.9696666666666667	64.45221662521362
20	0.10783552132619856	0.9711333333015442	68.94071435928345
21	0.1196774675820799	0.9693333333333334	73.7715699672699
22	0.11029437317469468	0.9717333333333333	79.0958080291748
23	0.11510635456861928	0.9699333333333333	83.59568572044373
24	0.11628671621639902	0.97			88.05972528457642
25	0.11583126549681183	0.971			93.21280837059021
26	0.11825838515385985	0.9713333333333334	98.45004272460938
27	0.11603697226174797	0.9718666666666667	105.10088515281677
28	0.117596062868104	0.9711333333333333	109.20137405395508
29	0.11863460604215506	0.9714			114.74230122566223
30	0.11780270780595796	0.9710666666666666	125.16842722892761

##########################################################################

30 errorTraining --> loss: 0.0414 - acc: 0.9858
30 errorTesting --> loss =  0.11780270780595796  || acc =  0.9710666666666666
