1	0.29059241738120717	0.9136666666666666	3.484703540802002
2	0.22092397466699282	0.9342666666666667	5.909732103347778
3	0.18807922217647235	0.9444666666666667	8.689698457717896
4	0.1675417016486327	0.9499333333333333	11.992756605148315
5	0.15193962171773115	0.9538666666666666	14.833891868591309
6	0.1389402950455745	0.9580666666666666	18.194563627243042
7	0.12791676653921605	0.9618666666666666	21.317518949508667
8	0.1264794675109287	0.9622666666348775	24.818182229995728
9	0.11543354893475771	0.9665333333333334	28.010549545288086
10	0.11255306416849295	0.9651333333015442	32.00121808052063
11	0.11695055621949335	0.9680666666666666	35.362563610076904
12	0.11485307618938387	0.9670666666666666	40.0105140209198
13	0.10752200014454623	0.9690666666666666	45.0871787071228
14	0.10713765779417009	0.9692666666666667	48.295689821243286
15	0.11817609234803046	0.9674			50.41235113143921
16	0.1166712886552016	0.9702			53.82752466201782
17	0.1258399147371451	0.9692666666666667	61.45355725288391
18	0.11678811057343458	0.9690666666666666	62.59105563163757
19	0.1264947120516988	0.9693333333333334	68.54290652275085
20	0.12255698216682455	0.9712666666666666	72.3704309463501
21	0.12777226421414914	0.9686666666666667	77.76561975479126
22	0.1371621627032427	0.9702666666666667	82.70826148986816
23	0.139087460682675	0.9702666666666667	84.46724200248718
24	0.1378104164875976	0.9708666666666667	89.52980279922485
25	0.14097565559058664	0.9718			94.34033751487732
26	0.1444059474565884	0.9712			98.50150346755981
27	0.14355581767491435	0.9729333333333333	103.49682712554932
28	0.1493923462740073	0.9714			108.55311298370361
29	0.161071430402886	0.9691333333333333	113.26419115066528
30	0.14844227812540145	0.9718			119.11407160758972

##########################################################################

30 errorTraining --> loss: 0.0018 - acc: 0.9997
30 errorTesting --> loss =  0.14844227812540145  || acc =  0.9718
