1	0.3085149613122145	0.909			3.4954965114593506
2	0.24054266690810522	0.9276666666666666	5.99836802482605
3	0.2058903707096974	0.9389333333333333	8.94858717918396
4	0.16876048242052397	0.9498			12.224940299987793
5	0.15352670049419007	0.9539333333333333	15.414183378219604
6	0.14514045460273822	0.9544666666666667	18.917937755584717
7	0.12443838907827934	0.9606			22.085822343826294
8	0.1221788512284557	0.9623333333333334	25.70479679107666
9	0.12060381504769127	0.9630666666666666	29.236816883087158
10	0.10985382935454448	0.9682666666666667	33.262675523757935
11	0.10436592906800408	0.9694			35.768963098526
12	0.10888841499015689	0.9668666666666667	36.19422149658203
13	0.10119082903092107	0.9700666666666666	44.08146023750305
14	0.0974163653401037	0.972			42.48618721961975
15	0.09718527745852867	0.9706			46.48040413856506
16	0.09928194439510504	0.9712			49.88468265533447
17	0.09358900247688094	0.9716			53.69225263595581
18	0.09347332786414772	0.972			57.930591344833374
19	0.09167131576370448	0.9739333333333333	65.10055494308472
20	0.09507638100432232	0.9732			80.11386847496033
21	0.09222289737444371	0.9738666666666667	93.44322276115417
22	0.09508944523483515	0.9733999999682108	94.51020503044128
23	0.09499436210716763	0.9725333333333334	99.36440587043762
24	0.09236379320304841	0.9750666666666666	97.15565276145935
25	0.09623718660183561	0.973			104.09743094444275
26	0.09897836693317319	0.9724			109.10844349861145
27	0.09546767539960953	0.9725333333333334	115.96186423301697
28	0.09662849012083995	0.9742			123.03148102760315
29	0.09485338662881404	0.9744			147.72248005867004
30	0.09466944387240026	0.9755333333333334	145.33910655975342

##########################################################################

30 errorTraining --> loss: 0.0359 - acc: 0.9882
30 errorTesting --> loss =  0.09466944387240026  || acc =  0.9755333333333334
